Invaders: pos(0,0)
[1,2]
___________________
Invaders: pos(0,0)
[1,2] [1,3] [1,2] [1,3] [1,2] [1,3] [1,2] [1,3] [1,2] [1,3]
Bunkers:
pos(70,430) size(13,3)
pos(340,430) size(13,3)
___________________
Invaders: pos(0,0)
[1,2] [1,3] [1,2] [1,3] [1,2] [1,3] [1,2] [1,3] [1,2] [1,3]
[1,0] [1,1] [1,0] [1,1] [1,0] [1,1] [1,0] [1,1] [1,0] [1,1]
Bunkers:
pos(70,430) size(13,3)
pos(340,430) size(13,3)
___________________
Invaders: pos(0,0)
[2,2] [3,3] [2,2] [3,3] [2,2] [3,3] [2,2] [3,3] [2,2] [3,3]
Bunkers:
pos(100,430) size(27,1)
___________________
Invaders: pos(0,0)
[2,2] [2,3] [2,2] [2,3] [2,2] [2,3] [2,2] [2,3] [2,2] [2,3]
[1,0] [1,1] [1,0] [1,1] [1,0] [1,1] [1,0] [1,1] [1,0] [1,1]
Bunkers:
pos(100,400) size(14,1)
pos(310,415) size(14,1)
pos(100,430) size(14,1)
pos(310,445) size(14,1)
pos(100,460) size(14,1)
pos(310,475) size(14,1)
___________________
Invaders: pos(0,0)
[3,1] [3,1] [3,1] [3,1] [3,1] [3,1] [3,1] [3,1]
[3,2] [3,2] [3,2] [3,2] [3,2] [3,2] [3,2] [3,2]
Bunkers:
pos(200,330) size(1,10)
pos(240,330) size(1,10)
pos(280,330) size(1,10)
pos(320,330) size(1,10)
pos(360,330) size(1,10)
pos(400,330) size(1,10)
___________________
Invaders: pos(70,10)
[1,3] [1,3] [1,3] [1,3] [1,3] [1,3] [1,3] [1,3]
[1,2] [1,2] [1,2] [1,2] [1,2] [1,2] [1,2] [1,2]
___________________
Invaders: pos(0,0)
[2,0] [2,0] [2,0] [2,0] [2,0] [2,0] [2,0] [2,0]
[1,1] [1,1] [1,1] [1,1] [1,1] [1,1] [1,1] [1,1]
Bunkers:
pos(170,300) size(3,2)
pos(200,330) size(3,2)
pos(230,360) size(3,2)
pos(260,390) size(3,2)
pos(290,420) size(3,2)
pos(410,300) size(3,2)
pos(380,330) size(3,2)
pos(350,360) size(3,2)
pos(320,390) size(3,2)
___________________
Invaders: pos(0,0)
[3,2] [2,1] [2,1] [2,1] [2,1] [2,1] [2,1] [3,2]
[9,1] [3,2] [2,1] [2,1] [2,1] [2,1] [3,2] [9,1]
[9,1] [9,1] [3,2] [2,1] [2,1] [3,2] [9,1] [9,1]
[9,1] [9,1] [9,1] [3,2] [3,2] [9,1] [9,1] [9,1]
Bunkers:
pos(90,430) size(20,1)
pos(180,445) size(20,1)
___________________
Invaders: pos(200,0)
[2,1] [1,9] [1,1] [1,9] [1,1] [1,9] [2,1]
[2,1] [1,1] [1,9] [1,1] [1,9] [1,1] [2,1]
[2,1] [1,9] [1,1] [1,9] [1,1] [1,9] [2,1]
[2,1] [1,1] [1,9] [1,1] [1,9] [1,1] [2,1]
[2,1] [1,9] [1,1] [1,9] [1,1] [1,9] [2,1]
Bunkers:
pos(70,430) size(13,3)
pos(340,430) size(13,3)
___________________
Invaders: pos(200,0)
[3,1] [1,0] [1,1] [1,0] [1,1] [1,0] [3,1]
[3,1] [1,1] [1,0] [1,1] [1,0] [1,1] [3,1]
[3,1] [1,0] [1,1] [1,0] [1,1] [1,0] [3,1]
[3,1] [1,1] [1,0] [1,1] [1,0] [1,1] [3,1]
[3,1] [1,0] [1,1] [1,0] [1,1] [1,0] [3,1]